Version 0.9.7
16
 4 101 496 77 128 0 1
 5 1061 540 206 81 2 2
 0 243 384 877 276 8 3
 1 252 306 206 81 140 4
 1 567 308 206 81 150 5
 0 241 665 877 276 160 6
 0 241 940 877 276 292 8
 0 1122 1219 877 276 424 9
 0 242 1220 877 276 556 10
 0 1121 941 877 276 715 16
 0 1122 666 877 276 847 17
 0 1122 387 877 276 979 18
 1 826 301 206 81 1111 19
 6 1123 258 449 130 1157 20
 3 1574 325 203 58 1322 21
 3 826 221 203 58 1331 22
 0
646
 255 5 162 510 162 510 72 510 72 398 296 398 296 398 0 1 0 3
 65793 5 162 609 162 609 162 645 162 645 296 645 296 645 0 1 0 3
 255 5 267 317 267 317 70 317 70 387 309 387 309 398 0 4 0 3
 16711680 5 426 502 426 502 426 502 426 541 426 541 426 541 0 3 0 3
 16711680 5 413 502 413 502 413 502 413 541 413 541 413 541 0 3 0 3
 16711680 5 374 502 374 502 374 502 374 541 374 541 374 541 0 3 0 3
 16711680 5 361 502 361 502 361 502 361 541 361 541 361 541 0 3 0 3
 16711680 5 374 593 374 593 374 731 374 731 372 731 372 731 0 3 0 6
 16711680 5 361 593 361 593 361 731 361 731 359 731 359 731 0 3 0 6
 16711680 5 348 502 348 502 348 502 348 541 348 541 348 541 0 3 0 3
 16711680 5 335 502 335 502 335 502 335 541 335 541 335 541 0 3 0 3
 16711680 5 348 593 348 593 348 731 348 731 346 731 346 731 0 3 0 6
 16711680 5 335 593 335 593 335 731 335 731 333 731 333 731 0 3 0 6
 65793 5 582 377 582 377 582 411 582 411 569 411 569 411 0 5 0 3
 255 5 452 398 452 398 452 398 452 450 452 450 452 450 0 3 0 3
 255 5 764 398 764 398 764 398 764 450 764 450 764 450 0 3 0 3
 65793 5 543 593 543 593 543 593 543 645 543 645 543 645 0 3 0 3
 65793 5 530 593 530 593 532 593 532 645 530 645 530 645 0 3 0 3
 65793 5 855 593 855 593 855 593 855 645 855 645 855 645 0 3 0 3
 16711680 5 426 554 426 554 426 554 504 554 504 554 504 554 0 3 0 3
 16711680 5 478 567 478 567 478 567 413 567 413 567 413 567 0 3 0 3
 16711680 5 504 489 504 489 504 489 387 489 387 489 387 489 0 3 0 3
 16711680 5 400 476 400 476 400 476 478 476 478 476 478 476 0 3 0 3
 16776960 5 725 502 725 502 725 502 725 541 725 541 725 541 0 3 0 3
 16776960 5 712 502 712 502 712 502 712 541 712 541 712 541 0 3 0 3
 16776960 5 517 554 517 554 517 554 725 554 725 554 725 554 0 3 0 3
 16776960 5 465 580 465 580 465 580 712 580 712 580 712 580 0 3 0 3
 4194432 5 556 502 556 502 556 502 556 541 556 541 556 541 0 3 0 3
 8388736 5 543 450 543 450 543 450 543 450 556 450 556 450 0 3 0 3
 16711680 5 372 744 372 744 372 737 814 737 814 744 814 744 0 6 0 6
 16711680 5 816 593 816 593 816 731 816 731 814 731 814 731 0 3 0 6
 16711680 5 359 757 359 757 359 750 788 750 788 757 788 757 0 6 0 6
 16711680 5 790 593 790 593 790 731 790 731 788 731 788 731 0 3 0 6
 4194432 5 556 593 556 593 556 600 842 600 842 593 842 593 0 3 0 3
 65793 5 267 375 267 375 296 375 296 375 296 411 296 411 0 4 0 3
 255 5 162 523 162 523 133 523 133 287 582 287 582 319 0 1 0 5
 16711680 5 790 463 790 463 790 463 738 463 738 463 738 463 0 3 0 3
 16711680 5 738 502 738 502 738 502 738 541 738 541 738 541 0 3 0 3
 16711680 5 738 593 738 593 738 731 738 731 736 731 736 731 0 3 0 6
 16711680 5 346 770 346 770 346 763 736 763 736 770 736 770 0 6 0 6
 16711680 5 816 463 816 463 816 463 816 463 907 463 907 463 0 3 0 3
 16711680 5 907 502 907 502 907 502 907 541 907 541 907 541 0 3 0 3
 16711680 5 907 593 907 593 907 731 907 731 905 731 905 731 0 3 0 6
 16776960 5 673 502 673 502 673 502 673 541 673 541 673 541 0 3 0 3
 16776960 5 673 567 673 567 673 567 829 567 829 567 829 567 0 3 0 3
 16776960 5 699 463 699 463 699 466 465 466 465 463 465 463 0 3 0 3
 16776960 5 660 593 660 593 660 586 777 586 777 593 777 593 0 3 0 3
 16776960 5 647 502 647 502 647 502 647 541 647 541 647 541 0 3 0 3
 16776960 5 634 541 634 541 634 541 634 502 634 502 634 502 0 3 0 3
 16776960 5 647 593 647 593 647 731 647 731 645 731 645 731 0 3 0 6
 16776960 5 660 502 660 502 660 502 660 541 660 541 660 541 0 3 0 3
 4227327 5 842 489 842 489 842 489 881 489 881 489 881 489 0 3 0 3
 4227327 5 881 502 881 502 881 502 881 541 881 541 881 541 0 3 0 3
 4227327 5 881 593 881 593 881 731 881 731 879 731 879 731 0 3 0 6
 4227327 5 803 450 803 450 803 450 894 450 894 450 894 450 0 3 0 3
 4227327 5 894 502 894 502 894 502 894 541 894 541 894 541 0 3 0 3
 4227327 5 894 593 894 593 894 731 894 731 892 731 892 731 0 3 0 6
 4227327 5 764 593 764 593 764 731 764 731 762 731 762 731 0 3 0 6
 4227327 5 762 770 762 770 762 770 762 822 762 822 762 822 0 6 0 6
 4227327 5 892 783 892 783 892 783 892 822 892 822 892 822 0 6 0 6
 4227327 5 879 783 879 783 879 783 879 822 879 822 879 822 0 6 0 6
 16776960 5 829 489 829 489 829 489 634 489 634 489 634 489 0 3 0 3
 16776960 5 777 476 777 476 777 476 777 476 868 476 868 476 0 3 0 3
 16776960 5 868 502 868 502 868 502 868 541 868 541 868 541 0 3 0 3
 16711680 5 426 593 426 593 426 731 426 731 424 731 424 731 0 3 0 6
 16711680 5 413 593 413 593 413 731 413 731 411 731 411 731 0 3 0 6
 16711680 5 400 502 400 502 400 502 400 541 400 541 400 541 0 3 0 3
 16711680 5 400 593 400 593 400 731 400 731 398 731 398 731 0 3 0 6
 16711680 5 387 502 387 502 387 502 387 541 387 541 387 541 0 3 0 3
 16711680 5 387 593 387 593 387 731 387 731 385 731 385 731 0 3 0 6
 16711680 5 424 783 424 783 424 783 424 822 424 822 424 822 0 6 0 6
 16711680 5 411 783 411 783 411 783 411 822 411 822 411 822 0 6 0 6
 16711680 5 398 783 398 783 398 783 398 822 398 822 398 822 0 6 0 6
 16711680 5 385 783 385 783 385 783 385 822 385 822 385 822 0 6 0 6
 16711680 5 372 783 372 783 372 783 372 822 372 822 372 822 0 6 0 6
 16711680 5 359 783 359 783 359 783 359 822 359 822 359 822 0 6 0 6
 16711680 5 346 783 346 783 346 783 346 822 346 822 346 822 0 6 0 6
 16711680 5 333 783 333 783 333 783 333 822 333 822 333 822 0 6 0 6
 16776960 5 699 502 699 502 699 502 699 541 699 541 699 541 0 3 0 3
 16776960 5 686 502 686 502 686 502 686 541 686 541 686 541 0 3 0 3
 16776960 5 660 567 660 567 660 731 660 731 658 731 658 731 0 3 0 6
 16776960 5 673 593 673 593 673 731 673 731 671 731 671 731 0 3 0 6
 16776960 5 686 593 686 593 686 731 686 731 684 731 684 731 0 3 0 6
 16776960 5 699 593 699 593 699 731 699 731 697 731 697 731 0 3 0 6
 16776960 5 712 593 712 593 712 731 712 731 710 731 710 731 0 3 0 6
 16776960 5 725 593 725 593 725 731 725 731 723 731 723 731 0 3 0 6
 16776960 5 632 783 632 783 632 783 632 822 632 822 632 822 0 6 0 6
 16776960 5 658 783 658 783 658 783 658 822 658 822 658 822 0 6 0 6
 16776960 5 671 783 671 783 671 783 671 822 671 822 671 822 0 6 0 6
 16776960 5 645 783 645 783 645 783 645 822 645 822 645 822 0 6 0 6
 16776960 5 684 783 684 783 684 783 684 822 684 822 684 822 0 6 0 6
 16776960 5 697 783 697 783 697 783 697 822 697 822 697 822 0 6 0 6
 16776960 5 710 783 710 783 710 783 710 822 710 822 710 822 0 6 0 6
 16776960 5 723 783 723 783 723 783 723 822 723 822 723 822 0 6 0 6
 4227327 5 582 502 582 502 582 502 582 541 582 541 582 541 0 3 0 3
 4227327 5 569 502 569 502 569 502 569 541 569 541 569 541 0 3 0 3
 4227327 5 582 450 582 450 582 457 491 457 491 450 491 450 0 3 0 3
 4227327 5 569 489 569 489 569 489 530 489 530 489 530 489 0 3 0 3
 4227327 5 803 593 803 593 803 593 803 822 801 822 801 822 0 3 0 6
 4227327 5 801 848 801 848 801 848 802 848 918 848 918 848 0 6 0 6
 4227327 5 762 861 762 861 762 860 905 860 905 861 905 861 0 6 0 6
 16711680 5 424 874 424 874 424 874 424 1006 424 1006 424 1006 0 6 0 8
 16711680 5 411 874 411 874 411 874 411 1006 411 1006 411 1006 0 6 0 8
 16711680 5 398 874 398 874 398 874 398 1006 398 1006 398 1006 0 6 0 8
 16711680 5 385 874 385 874 385 874 385 1006 385 1006 385 1006 0 6 0 8
 16711680 5 372 874 372 874 372 874 372 1006 372 1006 372 1006 0 6 0 8
 16711680 5 359 874 359 874 359 874 359 1006 359 1006 359 1006 0 6 0 8
 16711680 5 346 874 346 874 346 874 346 1006 346 1006 346 1006 0 6 0 8
 16711680 5 333 874 333 874 333 874 333 1006 333 1006 333 1006 0 6 0 8
 16711680 5 424 1058 424 1058 424 1058 424 1097 424 1097 424 1097 0 8 0 8
 16711680 5 424 1110 424 1110 424 1110 424 1110 502 1110 502 1110 0 8 0 8
 16711680 5 476 1123 476 1123 476 1124 411 1124 411 1123 411 1123 0 8 0 8
 16711680 5 476 1045 476 1045 476 1045 476 1045 398 1045 398 1045 0 8 0 8
 16711680 5 502 1032 502 1032 502 1025 385 1025 385 1032 385 1032 0 8 0 8
 16776960 5 632 874 632 874 632 874 632 1006 632 1006 632 1006 0 6 0 8
 16776960 5 645 874 645 874 645 874 645 1006 645 1006 645 1006 0 6 0 8
 16776960 5 658 874 658 874 658 874 658 1006 658 1006 658 1006 0 6 0 8
 16776960 5 671 874 671 874 671 874 671 1006 671 1006 671 1006 0 6 0 8
 16776960 5 684 874 684 874 684 874 684 1006 684 1006 684 1006 0 6 0 8
 16776960 5 697 874 697 874 697 874 697 1006 697 1006 697 1006 0 6 0 8
 16776960 5 710 874 710 874 710 874 710 1006 710 1006 710 1006 0 6 0 8
 16776960 5 723 874 723 874 723 874 723 1006 723 1006 723 1006 0 6 0 8
 255 5 450 954 450 954 450 954 450 1006 450 1006 450 1006 0 8 0 8
 65793 5 541 1149 541 1149 541 1149 541 1201 541 1201 541 1201 0 8 0 8
 65793 5 853 1149 853 1149 853 1149 853 1201 853 1201 853 1201 0 8 0 8
 255 5 762 1006 762 1006 762 1006 762 954 762 954 762 954 0 8 0 8
 16711680 5 372 1058 372 1058 372 1058 372 1097 372 1097 372 1097 0 8 0 8
 16711680 5 411 1058 411 1058 411 1058 411 1097 411 1097 411 1097 0 8 0 8
 16711680 5 359 1058 359 1058 359 1058 359 1097 359 1097 359 1097 0 8 0 8
 16711680 5 372 1136 372 1136 372 1136 372 1136 814 1136 814 1136 0 8 0 8
 16711680 5 359 1149 359 1149 359 1142 788 1142 788 1149 788 1149 0 8 0 8
 16711680 5 346 1019 346 1019 346 1019 346 1019 788 1019 788 1019 0 8 0 8
 16711680 5 814 1045 814 1045 814 1064 333 1064 333 1045 333 1045 0 8 0 8
 16776960 5 647 567 647 567 647 560 868 560 868 567 868 567 0 3 0 3
 16711680 5 333 770 333 770 333 777 905 777 905 770 905 770 0 6 0 6
 255 5 933 450 933 450 933 450 933 398 933 398 933 398 0 3 0 3
 65793 5 1011 645 1011 645 1011 645 1011 593 1011 593 1011 593 0 3 0 3
 16776960 5 634 463 634 463 634 470 972 470 972 463 972 463 0 3 0 3
 16776960 5 647 476 647 476 647 482 946 482 946 476 946 476 0 3 0 3
 16776960 5 944 744 944 744 944 744 723 744 723 744 723 744 0 6 0 6
 16776960 5 710 757 710 757 710 757 970 757 970 757 970 757 0 6 0 6
 16776960 5 697 770 697 770 697 770 996 770 996 770 996 770 0 6 0 6
 12615680 5 957 744 957 744 957 744 1087 744 1087 744 1087 744 0 6 0 6
 12615680 5 983 757 983 757 983 757 1074 757 1074 757 1074 757 0 6 0 6
 12615680 5 1009 770 1009 770 1009 770 1061 770 1061 770 1061 770 0 6 0 6
 12615680 5 1048 835 1048 835 1048 834 944 834 944 835 944 835 0 6 0 6
 12615680 5 970 848 970 848 970 848 1035 848 1035 848 1035 848 0 6 0 6
 12615680 5 996 861 996 861 996 860 1022 860 1022 861 1022 861 0 6 0 6
 12615680 5 1022 874 1022 874 894 874 894 1006 1022 1006 1022 1006 0 6 0 8
 12615680 5 1035 874 1035 874 907 874 907 1006 1035 1006 1035 1006 0 6 0 8
 12615680 5 1048 874 1048 874 920 874 920 1006 1048 1006 1048 1006 0 6 0 8
 12615680 5 1061 783 1061 783 1061 783 1061 822 1061 822 1061 822 0 6 0 6
 12615680 5 1074 770 1074 770 1074 770 1074 822 1074 822 1074 822 0 6 0 6
 12615680 5 1087 757 1087 757 1087 757 1087 822 1087 822 1087 822 0 6 0 6
 12615680 5 1074 874 1074 874 946 874 946 1006 1074 1006 1074 1006 0 6 0 8
 12615680 5 1087 874 1087 874 960 874 960 1006 1087 1006 1087 1006 0 6 0 8
 12615680 5 1061 874 1061 874 933 874 933 1006 1061 1006 1061 1006 0 6 0 8
 12615680 5 1022 1058 1022 1058 1022 1058 1022 1097 1022 1097 1022 1097 0 8 0 8
 12615680 5 1035 1058 1035 1058 1035 1058 1035 1097 1035 1097 1035 1097 0 8 0 8
 12615680 5 1048 1058 1048 1058 1048 1058 1048 1097 1048 1097 1048 1097 0 8 0 8
 12615680 5 1061 1058 1061 1058 1061 1058 1061 1097 1061 1097 1061 1097 0 8 0 8
 12615680 5 1074 1058 1074 1058 1074 1058 1074 1097 1074 1097 1074 1097 0 8 0 8
 12615680 5 1087 1058 1087 1058 1087 1058 1087 1097 1087 1097 1087 1097 0 8 0 8
 16776960 5 931 835 931 835 931 835 684 835 684 835 684 835 0 6 0 6
 16776960 5 957 848 957 848 957 841 671 841 671 848 671 848 0 6 0 6
 16776960 5 983 861 983 861 983 854 658 854 658 861 658 861 0 6 0 6
 255 5 931 731 931 731 931 731 931 679 931 679 931 679 0 6 0 6
 12615680 5 959 450 959 450 959 439 283 439 283 450 283 450 0 3 0 3
 12615680 5 985 450 985 450 985 432 270 432 270 450 270 450 0 3 0 3
 12615680 5 283 502 283 502 283 502 283 541 283 541 283 541 0 3 0 3
 12615680 5 270 502 270 502 270 502 270 541 270 541 270 541 0 3 0 3
 12615680 5 283 593 283 593 283 731 283 731 281 731 281 731 0 3 0 6
 12615680 5 270 593 270 593 270 731 270 731 268 731 268 731 0 3 0 6
 12615680 5 268 783 268 783 268 783 268 822 268 822 268 822 0 6 0 6
 12615680 5 281 783 281 783 281 783 281 822 281 822 281 822 0 6 0 6
 12615680 5 268 874 268 874 268 874 268 1006 268 1006 268 1006 0 6 0 8
 12615680 5 281 874 281 874 281 874 281 1006 281 1006 281 1006 0 6 0 8
 12615680 5 515 1110 515 1110 515 1110 1087 1110 1087 1110 1087 1110 0 8 0 8
 12615680 5 463 1123 463 1123 463 1116 1074 1116 1074 1123 1074 1123 0 8 0 8
 12615680 5 463 1032 463 1032 463 1038 1061 1038 1061 1032 1061 1032 0 8 0 8
 12615680 5 515 1019 515 1019 515 1025 1048 1025 1048 1019 1048 1019 0 8 0 8
 12615680 5 775 1123 775 1123 775 1123 1022 1123 1022 1123 1022 1123 0 8 0 8
 12615680 5 775 1045 775 1045 775 1051 281 1051 281 1045 281 1045 0 8 0 8
 12615680 5 827 1032 827 1032 827 1031 268 1031 268 1032 268 1032 0 8 0 8
 32896 5 528 1006 528 1006 528 1006 554 1006 554 1006 554 1006 0 8 0 8
 32896 5 489 1006 489 1006 489 1005 437 1005 437 1006 437 1006 0 8 0 8
 32896 5 437 1058 437 1058 437 1058 437 1097 437 1097 437 1097 0 8 0 8
 32896 5 801 1149 801 1149 801 1286 801 1286 802 1286 802 1286 0 8 0 10
 32896 5 801 1006 801 1006 801 1006 749 1006 749 1006 749 1006 0 8 0 8
 32896 5 749 1058 749 1058 749 1058 749 1097 749 1097 749 1097 0 8 0 8
 32896 5 749 1149 749 1149 749 1286 749 1286 750 1286 750 1286 0 8 0 10
 32896 5 840 1006 840 1006 840 1006 866 1006 866 1006 866 1006 0 8 0 8
 32896 5 554 1058 554 1058 554 1058 554 1097 554 1097 554 1097 0 8 0 8
 32896 5 554 1149 554 1149 554 1286 554 1286 555 1286 555 1286 0 8 0 10
 32896 5 489 1149 489 1149 489 1286 489 1286 490 1286 490 1286 0 8 0 10
 32896 5 450 1149 450 1149 450 1286 450 1286 451 1286 451 1286 0 8 0 10
 255 5 528 1149 528 1149 528 1149 528 1188 528 1188 528 1188 0 8 0 8
 8388736 5 541 1045 541 1045 541 1045 619 1045 619 1045 619 1045 0 8 0 8
 8388736 5 619 1058 619 1058 619 1058 619 1097 619 1097 619 1097 0 8 0 8
 32896 5 762 1149 762 1149 762 1286 762 1286 763 1286 763 1286 0 8 0 10
 32896 5 866 1058 866 1058 866 1058 866 1097 866 1097 866 1097 0 8 0 8
 12615680 5 1035 1136 1035 1136 1035 1128 827 1128 827 1136 827 1136 0 8 0 8
 4194432 5 619 1149 619 1149 619 1149 840 1149 840 1149 840 1149 0 8 0 8
 32896 5 866 1149 866 1149 866 1286 866 1286 867 1286 867 1286 0 8 0 10
 255 5 322 398 322 398 322 398 322 632 322 632 322 632 0 3 0 3
 65793 5 309 411 309 411 309 411 309 645 309 645 309 645 0 3 0 3
 65793 5 322 645 322 645 322 692 322 692 320 692 320 692 0 3 0 6
 8388863 5 853 1045 853 1045 853 1045 931 1045 931 1045 931 1045 0 8 0 8
 0 5 1009 874 1009 874 1009 874 1009 926 1009 926 1009 926 0 6 0 6
 255 5 296 632 296 632 296 679 296 679 294 679 294 679 0 3 0 6
 255 5 307 679 307 679 307 679 307 679 307 913 307 913 0 6 0 6
 0 5 294 692 294 692 294 692 294 926 294 926 294 926 0 6 0 6
 255 5 320 913 320 913 320 913 320 954 320 954 320 954 0 6 0 8
 0 5 307 926 307 926 307 926 307 967 307 967 307 967 0 6 0 8
 0 5 320 967 320 967 320 967 320 1201 320 1201 320 1201 0 8 0 8
 255 5 294 954 294 954 294 954 294 1188 294 1188 294 1188 0 8 0 8
 32896 5 438 1286 438 1286 437 1286 437 1286 437 1149 437 1149 0 10 0 8
 255 5 307 1188 307 1188 307 1234 307 1234 308 1234 308 1234 0 8 0 10
 0 5 295 1247 295 1247 294 1247 294 1247 294 1201 294 1201 0 10 0 8
 0 5 308 1247 308 1247 308 1247 308 1481 308 1481 308 1481 0 10 0 10
 255 5 321 1234 321 1234 321 1234 321 1468 321 1468 321 1468 0 10 0 10
 255 5 334 1234 334 1234 334 1234 334 1286 334 1286 334 1286 0 10 0 10
 255 5 568 1234 568 1234 568 1234 568 1286 568 1286 568 1286 0 10 0 10
 0 5 412 1429 412 1429 412 1429 412 1481 412 1481 412 1481 0 10 0 10
 32896 5 347 1299 347 1299 347 1299 438 1299 438 1299 438 1299 0 10 0 10
 32896 5 386 1312 386 1312 386 1312 451 1312 451 1312 451 1312 0 10 0 10
 32896 5 490 1338 490 1338 490 1338 490 1377 490 1377 490 1377 0 10 0 10
 32896 5 334 1390 334 1390 334 1390 490 1390 490 1390 490 1390 0 10 0 10
 32896 5 373 1403 373 1403 373 1403 503 1403 503 1403 503 1403 0 10 0 10
 32896 5 503 1299 503 1299 503 1299 555 1299 555 1299 555 1299 0 10 0 10
 65793 5 724 1429 724 1429 724 1429 724 1481 724 1481 724 1481 0 10 0 10
 255 5 646 1286 646 1286 646 1286 646 1234 646 1234 646 1234 0 10 0 10
 32896 5 750 1299 750 1299 750 1299 659 1299 659 1299 659 1299 0 10 0 10
 32896 5 763 1312 763 1312 763 1312 698 1312 698 1312 698 1312 0 10 0 10
 32896 5 646 1390 646 1390 646 1390 802 1390 802 1390 802 1390 0 10 0 10
 32896 5 802 1338 802 1338 802 1338 802 1377 802 1377 802 1377 0 10 0 10
 32896 5 815 1299 815 1299 815 1299 867 1299 867 1299 867 1299 0 10 0 10
 32896 5 815 1338 815 1338 815 1338 815 1377 815 1377 815 1377 0 10 0 10
 32896 5 685 1403 685 1403 685 1403 685 1403 815 1403 815 1403 0 10 0 10
 8388863 5 931 1149 931 1149 931 1286 931 1286 932 1286 932 1286 0 8 0 10
 8388863 5 932 1338 932 1338 932 1338 932 1377 932 1377 932 1377 0 10 0 10
 8388863 5 698 1416 698 1416 698 1416 932 1416 932 1416 932 1416 0 10 0 10
 8388863 5 711 1325 711 1325 711 1325 932 1325 932 1325 932 1325 0 10 0 10
 8388863 5 672 1286 672 1286 672 1286 711 1286 711 1286 711 1286 0 10 0 10
 8388863 5 659 1429 659 1429 659 1429 698 1429 698 1429 698 1429 0 10 0 10
 8388863 5 672 1325 672 1325 672 1325 399 1325 399 1325 399 1325 0 10 0 10
 8388863 5 659 1416 659 1416 659 1416 386 1416 386 1416 386 1416 0 10 0 10
 8388863 5 347 1429 347 1429 347 1429 386 1429 386 1429 386 1429 0 10 0 10
 32896 5 503 1338 503 1338 503 1338 503 1377 503 1377 503 1377 0 10 0 10
 16512 5 360 1403 360 1403 360 1410 1010 1410 1010 1403 1010 1403 0 10 0 10
 16512 5 412 1286 412 1286 412 1286 425 1286 425 1286 425 1286 0 10 0 10
 16512 5 425 1429 425 1429 425 1422 984 1422 984 1429 984 1429 0 10 0 10
 255 5 958 1286 958 1286 958 1286 958 1234 958 1234 958 1234 0 10 0 10
 65793 5 1049 1429 1049 1429 1049 1429 1049 1481 1049 1481 1049 1481 0 10 0 10
 8388863 5 360 1286 360 1286 360 1286 399 1286 399 1286 399 1286 0 10 0 10
 16512 5 373 1325 373 1325 373 1319 984 1319 984 1325 984 1325 0 10 0 10
 16512 5 425 1338 425 1338 425 1338 425 1377 425 1377 425 1377 0 10 0 10
 16512 5 399 1429 399 1429 399 1429 516 1429 516 1403 516 1403 0 10 0 10
 16512 5 516 1338 516 1338 516 1338 516 1377 516 1377 516 1377 0 10 0 10
 16512 5 516 1286 516 1286 516 1292 1010 1292 1010 1286 1010 1286 0 10 0 10
 8388863 5 1036 1390 1036 1390 1036 1390 932 1390 932 1390 932 1390 0 10 0 10
 0 5 1023 1429 1023 1429 1023 1429 1023 1481 1023 1481 1023 1481 0 10 0 10
 0 5 971 1429 971 1429 971 1429 971 1481 971 1481 971 1481 0 10 0 10
 0 5 971 1286 971 1286 971 1286 971 1247 971 1247 971 1247 0 10 0 10
 0 5 1023 1286 1023 1286 1024 1286 1024 1247 1023 1247 1023 1247 0 10 0 10
 16512 5 672 1403 672 1403 672 1396 1240 1396 1240 1402 1240 1402 0 10 0 9
 16512 5 724 1286 724 1286 724 1286 828 1286 828 1286 828 1286 0 10 0 10
 16512 5 828 1338 828 1338 828 1338 828 1377 828 1377 828 1377 0 10 0 10
 16512 5 828 1403 828 1403 1214 1402 1214 1402 1214 1402 1214 1402 0 10 0 9
 255 5 1188 1233 1188 1233 1187 1233 1187 1285 1188 1285 1188 1285 0 9 0 9
 65793 5 1279 1428 1279 1428 1279 1428 1279 1480 1279 1480 1279 1480 0 9 0 9
 16512 5 1214 1311 1214 1311 1214 1304 685 1304 685 1312 685 1312 0 9 0 10
 16512 5 711 1429 711 1429 711 1429 880 1429 880 1429 880 1429 0 10 0 10
 16512 5 880 1338 880 1338 880 1338 880 1377 880 1377 880 1377 0 10 0 10
 16512 5 880 1299 880 1299 1240 1298 1240 1298 1240 1298 1240 1298 0 10 0 9
 65793 5 1201 1428 1201 1428 1201 1428 1201 1480 1201 1480 1201 1480 0 9 0 9
 65793 5 1253 1428 1253 1428 1253 1428 1253 1480 1253 1480 1253 1480 0 9 0 9
 65793 5 1253 1285 1253 1285 1253 1285 1253 1246 1253 1246 1253 1246 0 9 0 9
 65793 5 1201 1285 1201 1285 1201 1285 1201 1246 1201 1246 1201 1246 0 9 0 9
 16711935 5 1049 1325 1049 1325 1049 1325 1062 1325 1062 1325 1062 1325 0 10 0 10
 16711935 5 1062 1338 1062 1338 1062 1338 1062 1377 1062 1377 1062 1377 0 10 0 10
 16711935 5 1062 1416 1062 1416 1062 1416 1062 1415 1266 1415 1266 1415 0 10 0 9
 8388863 5 931 1006 931 1006 930 1006 930 554 933 554 933 554 0 8 0 3
 8388863 5 946 554 946 554 955 554 955 1006 944 1006 944 1006 0 3 0 8
 8388863 5 944 1097 944 1097 944 1097 944 1058 944 1058 944 1058 0 8 0 8
 8388863 5 931 1136 931 1136 931 1136 944 1136 944 1136 944 1136 0 8 0 8
 65535 5 855 463 855 463 855 456 1089 456 1089 463 1089 463 0 3 0 3
 0 5 1063 411 1063 411 1175 411 1175 411 1175 414 1175 414 0 3 0 18
 0 5 1063 645 1063 645 1175 645 1175 645 1175 648 1175 648 0 3 0 18
 0 5 1061 692 1061 692 1175 692 1175 692 1175 693 1175 693 0 6 0 17
 0 5 1175 927 1175 927 1175 926 1175 926 1061 926 1061 926 0 17 0 6
 0 5 1174 968 1174 968 1061 968 1061 968 1061 967 1061 967 0 16 0 8
 0 5 1062 1481 1062 1481 1175 1480 1175 1480 1175 1480 1175 1480 0 10 0 9
 0 5 1062 1247 1062 1247 1175 1246 1175 1246 1175 1246 1175 1246 0 10 0 9
 255 5 1063 398 1063 398 1175 398 1175 398 1175 401 1175 401 0 3 0 18
 255 5 1063 632 1063 632 1175 632 1175 632 1175 635 1175 635 0 3 0 18
 255 5 1061 679 1061 679 1175 679 1175 679 1175 680 1175 680 0 6 0 17
 255 5 1175 914 1175 914 1175 913 1175 913 1061 913 1061 913 0 17 0 6
 255 5 1174 955 1174 955 1061 955 1061 955 1061 954 1061 954 0 16 0 8
 255 5 1061 1188 1061 1188 1061 1189 1061 1189 1174 1189 1174 1189 0 8 0 16
 255 5 1062 1234 1062 1234 1175 1233 1175 1233 1175 1233 1175 1233 0 10 0 9
 255 5 1062 1468 1062 1468 1175 1467 1175 1467 1175 1467 1175 1467 0 10 0 9
 65793 5 1174 1202 1174 1202 1061 1202 1061 1202 1061 1201 1061 1201 0 16 0 8
 33023 5 918 874 918 874 918 884 1188 884 1188 875 1188 875 0 6 0 17
 33023 5 905 874 905 874 903 874 903 867 1175 867 1175 862 0 6 0 17
 33023 5 892 874 892 874 892 894 1162 894 1162 849 1162 849 0 6 0 17
 33023 5 879 874 879 874 879 828 1149 828 1149 823 1149 823 0 6 0 17
 33023 5 1201 544 1201 544 1201 547 569 547 569 567 569 567 0 18 0 3
 33023 5 582 567 582 567 582 572 1214 572 1214 570 1214 570 0 3 0 18
 33023 5 1227 583 1227 583 1227 583 452 583 452 580 452 580 0 18 0 3
 33023 5 1240 596 1240 596 1240 732 1240 732 1240 732 1240 732 0 18 0 17
 33023 5 1227 596 1227 596 1227 732 1227 732 1227 732 1227 732 0 18 0 17
 33023 5 1214 596 1214 596 1214 732 1214 732 1214 732 1214 732 0 18 0 17
 33023 5 1201 596 1201 596 1201 732 1201 732 1201 732 1201 732 0 18 0 17
 33023 5 1201 784 1201 784 1201 784 1201 823 1201 823 1201 823 0 17 0 17
 33023 5 1214 784 1214 784 1214 784 1214 823 1214 823 1214 823 0 17 0 17
 33023 5 1227 784 1227 784 1227 784 1227 823 1227 823 1227 823 0 17 0 17
 33023 5 1240 784 1240 784 1240 784 1240 823 1240 823 1240 823 0 17 0 17
 33023 5 1201 875 1201 875 1201 1007 1201 1007 1200 1007 1200 1007 0 17 0 16
 33023 5 1214 875 1214 875 1214 1007 1214 1007 1213 1007 1213 1007 0 17 0 16
 33023 5 1227 875 1227 875 1227 1007 1227 1007 1226 1007 1226 1007 0 17 0 16
 33023 5 1240 875 1240 875 1240 1007 1240 1007 1239 1007 1239 1007 0 17 0 16
 33023 5 1149 836 1149 836 1149 1007 1149 1007 1148 1007 1148 1007 0 17 0 16
 33023 5 1162 836 1162 836 1162 1007 1162 1007 1161 1007 1161 1007 0 17 0 16
 33023 5 1175 836 1175 836 1175 1007 1175 1007 1174 1007 1174 1007 0 17 0 16
 33023 5 1188 836 1188 836 1189 836 1189 1007 1187 1007 1187 1007 0 17 0 16
 33023 5 1200 1059 1200 1059 1200 1059 1200 1098 1200 1098 1200 1098 0 16 0 16
 33023 5 1213 1059 1213 1059 1213 1059 1213 1098 1213 1098 1213 1098 0 16 0 16
 33023 5 1226 1059 1226 1059 1226 1059 1226 1098 1226 1098 1226 1098 0 16 0 16
 33023 5 1239 1059 1239 1059 1239 1059 1239 1098 1239 1098 1239 1098 0 16 0 16
 255 5 1291 955 1291 955 1291 955 1291 1007 1291 1007 1291 1007 0 16 0 16
 65793 5 1382 1150 1382 1150 1382 1150 1382 1202 1382 1202 1382 1202 0 16 0 16
 33023 5 1239 1111 1239 1111 1239 1111 1304 1111 1304 1111 1304 1111 0 16 0 16
 33023 5 1343 1124 1343 1124 1343 1124 1226 1124 1226 1124 1226 1124 0 16 0 16
 33023 5 1356 1046 1356 1046 1356 1046 1213 1046 1213 1046 1213 1046 0 16 0 16
 33023 5 1317 1033 1317 1033 1317 1033 1200 1033 1200 1033 1200 1033 0 16 0 16
 65793 5 1629 1150 1629 1150 1629 1150 1629 1202 1629 1202 1629 1202 0 16 0 16
 255 5 1538 1007 1538 1007 1538 1007 1538 955 1538 955 1538 955 0 16 0 16
 65793 5 1304 1007 1304 1007 1304 1007 1304 968 1304 968 1304 968 0 16 0 16
 65793 5 1551 968 1551 968 1551 968 1551 1007 1551 1007 1551 1007 0 16 0 16
 4227327 5 1551 1111 1551 1111 1551 1104 1187 1104 1187 1111 1187 1111 0 16 0 16
 4227327 5 1187 1059 1187 1059 1187 1059 1187 1098 1187 1098 1187 1098 0 16 0 16
 4227327 5 1590 1124 1590 1124 1590 1117 1174 1117 1174 1124 1174 1124 0 16 0 16
 4227327 5 1174 1059 1174 1059 1174 1059 1174 1098 1174 1098 1174 1098 0 16 0 16
 4227327 5 1603 1020 1603 1020 1603 1020 1161 1020 1161 1020 1161 1020 0 16 0 16
 4227327 5 1564 1033 1564 1033 1564 1026 1148 1026 1148 1033 1148 1033 0 16 0 16
 65280 5 1539 1415 1531 1415 1531 1421 997 1421 997 1416 997 1416 0 9 0 10
 65280 5 997 1312 997 1312 997 1317 1513 1317 1513 1311 1513 1311 0 10 0 9
 65280 5 1036 1286 1036 1286 1036 1292 1500 1292 1500 1285 1500 1285 0 10 0 9
 65280 5 1188 1389 1188 1389 1188 1389 1474 1389 1474 1389 1474 1389 0 9 0 9
 65280 5 1227 1324 1227 1324 1227 1329 1461 1329 1461 1324 1461 1324 0 9 0 9
 65280 5 1266 1298 1266 1298 1266 1302 1448 1302 1448 1298 1448 1298 0 9 0 9
 65280 5 1539 1337 1539 1337 1539 1337 1539 1376 1539 1376 1539 1376 0 9 0 9
 65280 5 1526 1298 1526 1298 1526 1298 1539 1298 1539 1298 1539 1298 0 9 0 9
 65280 5 1526 1285 1526 1285 1525 1285 1525 1285 1525 1150 1525 1150 0 9 0 16
 65280 5 1317 1137 1317 1137 1317 1142 1525 1142 1525 1137 1525 1137 0 16 0 16
 65280 5 1356 1124 1356 1124 1356 1124 1434 1124 1434 1124 1434 1124 0 16 0 16
 65280 5 1434 1150 1434 1150 1434 1285 1434 1285 1435 1285 1435 1285 0 16 0 9
 65280 5 958 1429 958 1429 1435 1428 1435 1428 1435 1428 1435 1428 0 10 0 9
 65280 5 1435 1337 1435 1337 1435 1337 1435 1376 1435 1376 1435 1376 0 9 0 9
 65280 5 1512 1150 1512 1150 1512 1285 1512 1285 1513 1285 1513 1285 0 16 0 9
 65280 5 1369 1046 1369 1046 1369 1047 1512 1047 1512 1046 1512 1046 0 16 0 16
 65280 5 1512 1059 1512 1059 1512 1059 1512 1098 1512 1098 1512 1098 0 16 0 16
 65280 5 1500 1298 1500 1298 1503 1298 1503 1150 1499 1150 1499 1150 0 9 0 16
 65280 5 1499 1059 1499 1059 1499 1059 1499 1098 1499 1098 1499 1098 0 16 0 16
 65280 5 1330 1033 1330 1033 1330 1033 1499 1033 1499 1033 1499 1033 0 16 0 16
 65280 5 1486 1150 1486 1150 1486 1285 1486 1285 1487 1285 1487 1285 0 16 0 9
 65280 5 1487 1337 1487 1337 1487 1337 1487 1376 1487 1376 1487 1376 0 9 0 9
 65280 5 1227 1402 1227 1402 1227 1402 1487 1402 1487 1402 1487 1402 0 9 0 9
 65280 5 1473 1150 1473 1150 1473 1285 1473 1285 1474 1285 1474 1285 0 16 0 9
 65280 5 1474 1337 1474 1337 1474 1337 1474 1376 1474 1376 1474 1376 0 9 0 9
 65280 5 1461 1285 1461 1285 1460 1285 1460 1285 1460 1150 1460 1150 0 9 0 16
 65280 5 1460 1098 1460 1098 1460 1098 1460 1059 1460 1059 1460 1059 0 16 0 16
 65280 5 1486 1124 1486 1124 1486 1124 1564 1124 1564 1124 1564 1124 0 16 0 16
 65280 5 1473 1124 1473 1124 1473 1131 1603 1131 1603 1124 1603 1124 0 16 0 16
 65280 5 1460 1033 1460 1033 1460 1040 1616 1040 1616 1033 1616 1033 0 16 0 16
 65280 5 1448 1285 1448 1285 1447 1285 1447 1285 1447 1150 1447 1150 0 9 0 16
 65280 5 1447 1098 1447 1098 1447 1098 1447 1059 1447 1059 1447 1059 0 16 0 16
 65280 5 1577 1046 1577 1046 1577 1053 1447 1053 1447 1046 1447 1046 0 16 0 16
 128 5 1291 1150 1291 1150 1291 1150 1538 1150 1538 1150 1538 1150 0 16 0 16
 128 5 1291 1137 1291 1137 1291 1137 1252 1137 1252 1137 1252 1137 0 16 0 16
 128 5 1252 1059 1252 1059 1252 1059 1252 1098 1252 1098 1252 1098 0 16 0 16
 128 5 1252 1007 1252 1007 1253 1007 1253 1007 1253 875 1253 875 0 16 0 17
 128 5 1253 823 1253 823 1253 823 1253 784 1253 784 1253 784 0 17 0 17
 128 5 1253 596 1253 596 1253 732 1253 732 1253 732 1253 732 0 18 0 17
 128 5 1253 544 1253 544 1253 544 1253 505 1253 505 1253 505 0 18 0 18
 128 5 1253 453 1253 453 1253 325 1253 325 1015 325 1015 325 0 18 0 19
 65793 5 841 370 841 370 841 411 841 411 1050 411 1050 411 0 19 0 3
 16744703 5 1746 1111 1746 1111 1746 1113 1330 1113 1330 1111 1330 1111 0 16 0 16
 16744703 5 1369 1137 1369 1137 1369 1141 1733 1141 1733 1137 1733 1137 0 16 0 16
 16744703 5 1382 1007 1382 1007 1382 999 1720 999 1720 1007 1720 1007 0 16 0 16
 16744703 5 1343 1007 1343 1007 1343 1012 1707 1012 1707 1020 1707 1020 0 16 0 16
 16744703 5 1577 1124 1577 1124 1577 1127 1694 1127 1694 1124 1694 1124 0 16 0 16
 16744703 5 1629 1033 1629 1033 1629 1033 1668 1033 1668 1033 1668 1033 0 16 0 16
 16744703 5 1590 1046 1590 1046 1590 1046 1655 1046 1655 1046 1655 1046 0 16 0 16
 16744703 5 1720 1059 1720 1059 1720 1059 1720 1098 1720 1098 1720 1098 0 16 0 16
 16744703 5 1707 1059 1707 1059 1707 1059 1707 1098 1707 1098 1707 1098 0 16 0 16
 16744703 5 1746 1150 1746 1150 1746 1285 1746 1285 1747 1285 1747 1285 0 16 0 9
 16744703 5 1733 1150 1733 1150 1733 1285 1733 1285 1734 1285 1734 1285 0 16 0 9
 16744703 5 1720 1150 1720 1150 1720 1285 1720 1285 1721 1285 1721 1285 0 16 0 9
 16744703 5 1707 1150 1707 1150 1707 1285 1707 1285 1708 1285 1708 1285 0 16 0 9
 16744703 5 1694 1150 1694 1150 1694 1285 1694 1285 1695 1285 1695 1285 0 16 0 9
 16744703 5 1616 1111 1616 1111 1616 1111 1681 1111 1681 1111 1681 1111 0 16 0 16
 16744703 5 1681 1150 1681 1150 1681 1285 1681 1285 1682 1285 1682 1285 0 16 0 9
 16744703 5 1668 1059 1668 1059 1668 1059 1668 1098 1668 1098 1668 1098 0 16 0 16
 16744703 5 1668 1150 1668 1150 1668 1285 1668 1285 1669 1285 1669 1285 0 16 0 9
 16744703 5 1655 1059 1655 1059 1655 1059 1655 1098 1655 1098 1655 1098 0 16 0 16
 16744703 5 1655 1150 1655 1150 1655 1285 1655 1285 1656 1285 1656 1285 0 16 0 9
 16744703 5 1669 1337 1669 1337 1669 1337 1669 1376 1669 1376 1669 1376 0 9 0 9
 16744703 5 1656 1337 1656 1337 1656 1337 1656 1376 1656 1376 1656 1376 0 9 0 9
 16744703 5 1682 1337 1682 1337 1682 1337 1682 1376 1682 1376 1682 1376 0 9 0 9
 16744703 5 1695 1337 1695 1337 1695 1337 1695 1376 1695 1376 1695 1376 0 9 0 9
 16744703 5 1708 1337 1708 1337 1708 1337 1708 1376 1708 1376 1708 1376 0 9 0 9
 16744703 5 1721 1337 1721 1337 1721 1337 1721 1376 1721 1376 1721 1376 0 9 0 9
 16744703 5 1734 1337 1734 1337 1734 1337 1734 1376 1734 1376 1734 1376 0 9 0 9
 16744703 5 1747 1337 1747 1337 1747 1337 1747 1376 1747 1376 1747 1376 0 9 0 9
 16744703 5 1681 1059 1681 1059 1681 1059 1681 1098 1681 1098 1681 1098 0 16 0 16
 16744703 5 1694 1059 1694 1059 1694 1059 1694 1098 1694 1098 1694 1098 0 16 0 16
 16744703 5 1733 1059 1733 1059 1733 1059 1733 1098 1733 1098 1733 1098 0 16 0 16
 16744703 5 1746 1098 1746 1098 1746 1098 1746 1059 1746 1059 1746 1059 0 16 0 16
 16744703 5 1746 1007 1746 1007 1746 875 1746 875 1747 875 1747 875 0 16 0 17
 16744703 5 1734 875 1734 875 1734 1007 1734 1007 1733 1007 1733 1007 0 17 0 16
 16744703 5 1721 875 1721 875 1721 1020 1721 1020 1720 1020 1720 1020 0 17 0 16
 16744703 5 1707 1007 1707 1007 1707 875 1707 875 1708 875 1708 875 0 16 0 17
 16744703 5 1695 875 1695 875 1695 1007 1695 1007 1694 1007 1694 1007 0 17 0 16
 16744703 5 1682 875 1682 875 1682 1007 1682 1007 1681 1007 1681 1007 0 17 0 16
 16744703 5 1669 875 1669 875 1669 1007 1669 1007 1668 1007 1668 1007 0 17 0 16
 16744703 5 1656 875 1656 875 1656 1007 1656 1007 1655 1007 1655 1007 0 17 0 16
 255 5 1552 1233 1552 1233 1552 1233 1552 1285 1552 1285 1552 1285 0 9 0 9
 255 5 1773 1233 1773 1233 1773 1233 1773 1285 1773 1285 1773 1285 0 9 0 9
 65793 5 1630 1480 1630 1480 1630 1480 1630 1428 1630 1428 1630 1428 0 9 0 9
 65793 5 1851 1428 1851 1428 1851 1428 1851 1480 1851 1480 1851 1480 0 9 0 9
 16744703 5 1773 1389 1773 1389 1773 1389 1747 1389 1747 1389 1747 1389 0 9 0 9
 16744703 5 1734 1402 1734 1402 1734 1402 1799 1402 1799 1402 1799 1402 0 9 0 9
 16744703 5 1825 1415 1825 1415 1825 1415 1721 1415 1721 1415 1721 1415 0 9 0 9
 16744703 5 1786 1324 1786 1324 1786 1324 1708 1324 1708 1324 1708 1324 0 9 0 9
 16744703 5 1812 1311 1812 1311 1812 1311 1695 1311 1695 1311 1695 1311 0 9 0 9
 16744703 5 1838 1298 1838 1298 1838 1298 1682 1298 1682 1298 1682 1298 0 9 0 9
 16711808 5 1786 1389 1786 1389 1786 1389 1968 1389 1968 1389 1968 1389 0 9 0 9
 16711808 5 1812 1402 1812 1402 1812 1402 1955 1402 1955 1402 1955 1402 0 9 0 9
 16711808 5 1838 1415 1838 1415 1838 1415 1942 1415 1942 1415 1942 1415 0 9 0 9
 16711808 5 1799 1324 1799 1324 1799 1324 1929 1324 1929 1324 1929 1324 0 9 0 9
 16711808 5 1825 1311 1825 1311 1825 1311 1916 1311 1916 1311 1916 1311 0 9 0 9
 16711808 5 1851 1298 1851 1298 1851 1298 1903 1298 1903 1298 1903 1298 0 9 0 9
 16744703 5 1669 1298 1669 1298 1669 1298 1565 1298 1565 1298 1565 1298 0 9 0 9
 16711808 5 1578 1311 1578 1311 1578 1311 1643 1311 1643 1311 1643 1311 0 9 0 9
 16711808 5 1643 1337 1643 1337 1643 1337 1643 1376 1643 1376 1643 1376 0 9 0 9
 16711808 5 1643 1428 1643 1428 1643 1428 1890 1428 1890 1428 1890 1428 0 9 0 9
 16744703 5 1656 1324 1656 1324 1656 1324 1591 1324 1591 1324 1591 1324 0 9 0 9
 16711808 5 1604 1285 1604 1285 1604 1285 1877 1285 1877 1285 1877 1285 0 9 0 9
 16711808 5 1968 1337 1968 1337 1968 1337 1968 1376 1968 1376 1968 1376 0 9 0 9
 16711808 5 1955 1337 1955 1337 1955 1337 1955 1376 1955 1376 1955 1376 0 9 0 9
 16711808 5 1942 1337 1942 1337 1942 1337 1942 1376 1942 1376 1942 1376 0 9 0 9
 16711808 5 1890 1337 1890 1337 1890 1337 1890 1376 1890 1376 1890 1376 0 9 0 9
 16711808 5 1967 1150 1967 1150 1967 1285 1967 1285 1968 1285 1968 1285 0 16 0 9
 16711808 5 1954 1150 1954 1150 1954 1285 1954 1285 1955 1285 1955 1285 0 16 0 9
 16711808 5 1941 1150 1941 1150 1941 1285 1941 1285 1942 1285 1942 1285 0 16 0 9
 16711808 5 1928 1150 1928 1150 1928 1285 1928 1285 1929 1285 1929 1285 0 16 0 9
 16711808 5 1915 1150 1915 1150 1915 1285 1915 1285 1916 1285 1916 1285 0 16 0 9
 16711808 5 1902 1150 1902 1150 1902 1285 1902 1285 1903 1285 1903 1285 0 16 0 9
 16711808 5 1889 1150 1889 1150 1889 1285 1889 1285 1890 1285 1890 1285 0 16 0 9
 16711808 5 1877 1337 1877 1337 1877 1150 1877 1150 1876 1150 1876 1150 0 9 0 16
 16711808 5 1876 1059 1876 1059 1876 1059 1876 1098 1876 1098 1876 1098 0 16 0 16
 16711808 5 1889 1059 1889 1059 1889 1059 1889 1098 1889 1098 1889 1098 0 16 0 16
 16711808 5 1902 1059 1902 1059 1902 1059 1902 1098 1902 1098 1902 1098 0 16 0 16
 16711808 5 1915 1059 1915 1059 1915 1059 1915 1098 1915 1098 1915 1098 0 16 0 16
 16711808 5 1928 1059 1928 1059 1928 1059 1928 1098 1928 1098 1928 1098 0 16 0 16
 16711808 5 1941 1059 1941 1059 1941 1059 1941 1098 1941 1098 1941 1098 0 16 0 16
 16711808 5 1954 1059 1954 1059 1954 1059 1954 1098 1954 1098 1954 1098 0 16 0 16
 16711808 5 1967 1059 1967 1059 1967 1059 1967 1098 1967 1098 1967 1098 0 16 0 16
 16711808 5 1968 875 1968 875 1968 1007 1968 1007 1967 1007 1967 1007 0 17 0 16
 16711808 5 1955 875 1955 875 1955 1007 1955 1007 1954 1007 1954 1007 0 17 0 16
 16711808 5 1942 875 1942 875 1942 1007 1942 1007 1941 1007 1941 1007 0 17 0 16
 16711808 5 1929 875 1929 875 1929 1007 1929 1007 1928 1007 1928 1007 0 17 0 16
 16711808 5 1916 875 1916 875 1916 1007 1916 1007 1915 1007 1915 1007 0 17 0 16
 16711808 5 1903 875 1903 875 1903 1007 1903 1007 1902 1007 1902 1007 0 17 0 16
 16711808 5 1877 875 1877 875 1877 1007 1877 1007 1876 1007 1876 1007 0 17 0 16
 16711808 5 1890 875 1890 875 1890 1007 1890 1007 1889 1007 1889 1007 0 17 0 16
 16711808 5 1968 784 1968 784 1968 784 1968 823 1968 823 1968 823 0 17 0 17
 16711808 5 1955 784 1955 784 1955 784 1955 823 1955 823 1955 823 0 17 0 17
 16711808 5 1942 784 1942 784 1942 784 1942 823 1942 823 1942 823 0 17 0 17
 16711808 5 1929 784 1929 784 1929 784 1929 823 1929 823 1929 823 0 17 0 17
 16711808 5 1916 784 1916 784 1916 784 1916 823 1916 823 1916 823 0 17 0 17
 16711808 5 1903 784 1903 784 1903 784 1903 823 1903 823 1903 823 0 17 0 17
 16711808 5 1890 784 1890 784 1890 784 1890 823 1890 823 1890 823 0 17 0 17
 16711808 5 1877 784 1877 784 1877 784 1877 823 1877 823 1877 823 0 17 0 17
 16744703 5 1747 784 1747 784 1747 784 1747 823 1747 823 1747 823 0 17 0 17
 16744703 5 1734 784 1734 784 1734 784 1734 823 1734 823 1734 823 0 17 0 17
 16744703 5 1721 784 1721 784 1721 784 1721 823 1721 823 1721 823 0 17 0 17
 16744703 5 1708 784 1708 784 1708 784 1708 823 1708 823 1708 823 0 17 0 17
 16744703 5 1695 784 1695 784 1695 784 1695 823 1695 823 1695 823 0 17 0 17
 16744703 5 1682 784 1682 784 1682 784 1682 823 1682 823 1682 823 0 17 0 17
 16744703 5 1669 784 1669 784 1669 784 1669 823 1669 823 1669 823 0 17 0 17
 16744703 5 1656 784 1656 784 1656 784 1656 823 1656 823 1656 823 0 17 0 17
 16744703 5 1720 1124 1720 1124 1720 1124 1720 1124 1772 1124 1772 1124 0 16 0 16
 16711808 5 1785 1137 1785 1137 1785 1137 1954 1137 1954 1137 1954 1137 0 16 0 16
 32896 5 1798 1150 1798 1150 1798 1150 1824 1150 1824 1150 1824 1150 0 16 0 16
 16744703 5 1811 1124 1811 1124 1811 1130 1707 1130 1707 1124 1707 1124 0 16 0 16
 255 5 1772 1007 1772 1007 1772 1007 1772 955 1772 955 1772 955 0 16 0 16
 0 5 1850 1150 1850 1150 1850 1150 1850 1202 1850 1202 1850 1202 0 16 0 16
 32896 5 1837 1111 1837 1111 1837 1111 1863 1111 1863 1111 1863 1111 0 16 0 16
 32896 5 1863 1098 1863 1098 1863 1098 1863 1059 1863 1059 1863 1059 0 16 0 16
 32896 5 1863 1007 1863 1007 1863 875 1863 875 1864 875 1864 875 0 16 0 17
 32896 5 1786 836 1786 836 1786 829 1864 829 1864 836 1864 836 0 17 0 17
 16744703 5 1733 1046 1733 1046 1733 1046 1785 1046 1785 1046 1785 1046 0 16 0 16
 16711808 5 1928 1033 1928 1033 1928 1033 1798 1033 1798 1033 1798 1033 0 16 0 16
 32896 5 1811 1020 1811 1020 1811 1020 1642 1020 1642 1020 1642 1020 0 16 0 16
 32896 5 1642 1007 1642 1007 1642 875 1642 875 1643 875 1643 875 0 16 0 17
 32896 5 1643 849 1643 849 1643 849 1643 849 1773 849 1773 849 0 17 0 17
 16744703 5 1747 732 1747 732 1747 732 1747 596 1747 596 1747 596 0 17 0 18
 16744703 5 1734 732 1734 732 1734 732 1734 596 1734 596 1734 596 0 17 0 18
 16744703 5 1721 596 1721 596 1721 596 1721 732 1721 732 1721 732 0 18 0 17
 16744703 5 1708 596 1708 596 1708 596 1708 732 1708 732 1708 732 0 18 0 17
 16744703 5 1695 596 1695 596 1695 596 1695 732 1695 732 1695 732 0 18 0 17
 16744703 5 1682 596 1682 596 1682 596 1682 732 1682 732 1682 732 0 18 0 17
 16744703 5 1669 596 1669 596 1669 596 1669 732 1669 732 1669 732 0 18 0 17
 16711808 5 1877 732 1877 732 1877 732 1877 596 1877 596 1877 596 0 17 0 18
 16711808 5 1890 596 1890 596 1890 596 1890 732 1890 732 1890 732 0 18 0 17
 16711808 5 1903 596 1903 596 1903 596 1903 732 1903 732 1903 732 0 18 0 17
 16711808 5 1916 596 1916 596 1916 596 1916 732 1916 732 1916 732 0 18 0 17
 16711808 5 1929 596 1929 596 1929 596 1929 732 1929 732 1929 732 0 18 0 17
 16711808 5 1942 596 1942 596 1942 596 1942 732 1942 732 1942 732 0 18 0 17
 16711808 5 1955 596 1955 596 1955 596 1955 732 1955 732 1955 732 0 18 0 17
 16711808 5 1968 596 1968 596 1968 596 1968 732 1968 732 1968 732 0 18 0 17
 65793 5 1851 875 1851 875 1851 875 1851 927 1851 927 1851 927 0 17 0 17
 16744703 5 1656 596 1656 596 1656 596 1656 732 1656 732 1656 732 0 18 0 17
 16744703 5 1812 836 1812 836 1812 836 1734 836 1734 836 1734 836 0 17 0 17
 16711808 5 1825 862 1825 862 1825 862 1877 862 1877 862 1877 862 0 17 0 17
 16744703 5 1721 758 1721 758 1721 758 1786 758 1786 758 1786 758 0 17 0 17
 16744703 5 1734 771 1734 771 1734 771 1799 771 1799 771 1799 771 0 17 0 17
 255 5 1773 453 1773 453 1773 453 1773 401 1773 401 1773 401 0 18 0 18
 65793 5 1851 596 1851 596 1851 596 1851 648 1851 648 1851 648 0 18 0 18
 255 5 1773 732 1773 732 1773 732 1773 680 1773 680 1773 680 0 17 0 17
 16384 5 1643 745 1643 745 1643 745 1812 745 1812 745 1812 745 0 17 0 17
 16384 5 1838 849 1838 849 1838 842 1630 842 1630 849 1630 849 0 17 0 17
 16384 5 1630 823 1630 823 1630 823 1630 784 1630 784 1630 784 0 17 0 17
 16384 5 1643 732 1643 732 1643 732 1643 596 1643 596 1643 596 0 17 0 18
 16384 5 1630 596 1630 596 1630 596 1630 732 1630 732 1630 732 0 18 0 17
 16384 5 1643 544 1643 544 1643 544 1643 505 1643 505 1643 505 0 18 0 18
 16384 5 1643 479 1643 479 1643 479 1786 479 1786 479 1786 479 0 18 0 18
 16384 5 1643 583 1643 583 1643 583 1773 583 1773 583 1773 583 0 18 0 18
 16744703 5 1786 570 1786 570 1786 570 1721 570 1721 570 1721 570 0 18 0 18
 16744703 5 1812 557 1812 557 1812 557 1708 557 1708 557 1708 557 0 18 0 18
 12632256 5 1825 557 1825 557 1825 557 1864 557 1864 557 1864 557 0 18 0 18
 12632256 5 1864 505 1864 505 1864 505 1864 544 1864 544 1864 544 0 18 0 18
 12632256 5 1851 492 1851 492 1851 492 1864 492 1864 492 1864 492 0 18 0 18
 16744703 5 1708 544 1708 544 1708 544 1708 505 1708 505 1708 505 0 18 0 18
 16744703 5 1708 492 1708 492 1708 492 1799 492 1799 492 1799 492 0 18 0 18
 16711808 5 1955 505 1955 505 1955 505 1955 544 1955 544 1955 544 0 18 0 18
 16711808 5 1942 544 1942 544 1942 544 1942 505 1942 505 1942 505 0 18 0 18
 16711808 5 1838 479 1838 479 1838 479 1955 479 1955 479 1955 479 0 18 0 18
 16711808 5 1942 466 1942 466 1942 466 1825 466 1825 466 1825 466 0 18 0 18
 8388736 5 1448 862 1448 862 1448 862 1448 862 1799 862 1799 862 0 17 0 17
 65793 5 1539 927 1539 927 1539 927 1539 875 1539 875 1539 875 0 17 0 17
 255 5 1448 680 1448 680 1448 680 1448 732 1448 732 1448 732 0 17 0 17
 8388736 5 1799 583 1799 583 1799 576 1617 576 1617 583 1617 583 0 18 0 18
 8388736 5 1617 596 1617 596 1617 596 1617 732 1617 732 1617 732 0 18 0 17
 8388736 5 1617 784 1617 784 1617 784 1617 823 1617 823 1617 823 0 17 0 17
 8388736 5 1461 836 1461 836 1461 842 1617 842 1617 836 1617 836 0 17 0 17
 8388736 5 1838 570 1838 570 1838 564 1604 564 1604 570 1604 570 0 18 0 18
 8388736 5 1604 849 1604 849 1604 850 1513 850 1513 849 1513 849 0 17 0 17
 8388736 5 1604 823 1604 823 1604 823 1604 784 1604 784 1604 784 0 17 0 17
 8388736 5 1604 596 1604 596 1604 596 1604 732 1604 732 1604 732 0 18 0 17
 8388736 5 1526 836 1526 836 1526 836 1708 836 1708 836 1708 836 0 17 0 17
 8388736 5 1812 466 1812 466 1812 466 1591 466 1591 466 1591 466 0 18 0 18
 8388736 5 1591 505 1591 505 1591 505 1591 544 1591 544 1591 544 0 18 0 18
 16744576 5 1487 732 1487 732 1487 732 1487 596 1487 596 1487 596 0 17 0 18
 16744576 5 1500 732 1500 732 1500 732 1500 596 1500 596 1500 596 0 17 0 18
 16744576 5 1487 505 1487 505 1487 505 1487 544 1487 544 1487 544 0 18 0 18
 16744576 5 1500 505 1500 505 1500 505 1500 544 1500 544 1500 544 0 18 0 18
 16744576 5 1513 505 1513 505 1513 505 1513 544 1513 544 1513 544 0 18 0 18
 16744576 5 1526 505 1526 505 1526 505 1526 544 1526 544 1526 544 0 18 0 18
 16744576 5 1513 596 1513 596 1513 596 1513 732 1513 732 1513 732 0 18 0 17
 16744576 5 1526 732 1526 732 1526 732 1526 596 1526 596 1526 596 0 17 0 18
 16744576 5 1539 732 1539 732 1539 732 1539 596 1539 596 1539 596 0 17 0 18
 16744576 5 1539 544 1539 544 1539 544 1539 505 1539 505 1539 505 0 18 0 18
 16744576 5 1474 732 1474 732 1474 732 1474 596 1474 596 1474 596 0 17 0 18
 16744576 5 1461 596 1461 596 1461 596 1461 732 1461 732 1461 732 0 18 0 17
 16744576 5 1461 505 1461 505 1461 505 1461 544 1461 544 1461 544 0 18 0 18
 16744576 5 1474 505 1474 505 1474 505 1474 544 1474 544 1474 544 0 18 0 18
 12615808 5 1472 381 1472 381 1473 381 1473 453 1487 453 1487 453 0 20 0 18
 12615808 5 1485 381 1485 381 1485 445 1500 445 1500 453 1500 453 0 20 0 18
 12615808 5 1498 381 1498 381 1498 440 1513 440 1513 453 1513 453 0 20 0 18
 12615808 5 1511 381 1511 381 1511 435 1527 435 1527 453 1526 453 0 20 0 18
 12615808 5 1524 381 1524 381 1524 427 1539 427 1539 453 1539 453 0 20 0 18
 12615808 5 1537 381 1537 381 1547 381 1547 466 1461 466 1461 466 0 20 0 18
 12615808 5 1550 381 1550 381 1553 381 1553 479 1474 479 1474 479 0 20 0 18
 4194432 5 1435 557 1435 557 1435 557 1591 557 1591 557 1591 557 0 18 0 18
 65793 5 1448 596 1448 596 1448 596 1448 648 1448 648 1448 648 0 18 0 18
 255 5 1357 401 1357 401 1357 401 1357 453 1357 453 1357 453 0 18 0 18
 16744576 5 1368 381 1368 381 1368 439 1396 439 1396 453 1396 453 0 20 0 18
 16744576 5 1381 381 1381 381 1381 430 1408 430 1408 453 1409 453 0 20 0 18
 16744576 5 1394 381 1394 381 1394 422 1422 422 1422 453 1422 453 0 20 0 18
 16744576 5 1407 381 1407 381 1407 414 1435 414 1435 453 1435 453 0 20 0 18
 16744576 5 1420 381 1420 381 1420 407 1448 407 1448 453 1448 453 0 20 0 18
 16744576 5 1433 381 1433 381 1433 460 1370 460 1370 453 1370 453 0 20 0 18
 16744576 5 1446 381 1441 381 1441 468 1383 468 1383 466 1383 466 0 20 0 18
 255 5 1383 596 1383 596 1383 596 1383 635 1383 635 1383 635 0 18 0 18
 255 5 1409 596 1409 596 1409 596 1409 635 1409 635 1409 635 0 18 0 18
 255 5 1474 875 1474 875 1474 875 1474 914 1474 914 1474 914 0 17 0 17
 255 5 1500 875 1500 875 1500 875 1500 914 1500 914 1500 914 0 17 0 17
 65793 5 1357 596 1357 596 1357 596 1357 648 1357 648 1357 648 0 18 0 18
 65793 5 1370 596 1370 596 1370 596 1370 648 1370 648 1370 648 0 18 0 18
 65793 5 1422 596 1422 596 1422 596 1422 648 1422 648 1422 648 0 18 0 18
 255 5 1139 285 1139 285 1139 389 1188 389 1188 401 1188 401 0 20 0 18
 16744703 5 1656 544 1656 544 1656 544 1656 505 1656 505 1656 505 0 18 0 18
 16744703 5 1669 544 1669 544 1669 544 1669 505 1669 505 1669 505 0 18 0 18
 16744703 5 1682 544 1682 544 1682 544 1682 505 1682 505 1682 505 0 18 0 18
 16744703 5 1695 544 1695 544 1695 544 1695 505 1695 505 1695 505 0 18 0 18
 16744703 5 1721 505 1721 505 1721 505 1721 544 1721 544 1721 544 0 18 0 18
 16744703 5 1734 505 1734 505 1734 505 1734 544 1734 544 1734 544 0 18 0 18
 16744703 5 1747 505 1747 505 1747 505 1747 544 1747 544 1747 544 0 18 0 18
 16744703 5 1760 369 1760 369 1760 443 1747 443 1747 453 1747 453 0 21 0 18
 16744703 5 1740 369 1740 369 1740 453 1740 453 1734 453 1734 453 0 21 0 18
 16744703 5 1720 369 1720 369 1720 453 1720 453 1721 453 1721 453 0 21 0 18
 16744703 5 1700 369 1700 369 1707 369 1707 453 1708 453 1708 453 0 21 0 18
 16744703 5 1680 369 1680 369 1694 369 1694 453 1695 453 1695 453 0 21 0 18
 16744703 5 1660 369 1660 369 1679 369 1679 453 1682 453 1682 453 0 21 0 18
 16744703 5 1640 369 1640 369 1667 369 1667 453 1669 453 1669 453 0 21 0 18
 16744703 5 1620 369 1620 369 1653 369 1653 453 1656 453 1656 453 0 21 0 18
 65793 5 1585 362 1585 362 1585 362 1591 362 1591 414 1591 414 0 21 0 18
 16776960 5 725 450 725 450 729 450 729 345 756 345 756 345 0 3 0 5
 16776960 5 712 450 712 450 714 450 714 345 737 345 737 345 0 3 0 5
 16776960 5 699 450 699 450 704 450 704 345 718 345 718 345 0 3 0 5
 16776960 5 699 345 699 345 690 345 690 450 686 450 686 450 0 5 0 3
 16776960 5 673 450 673 450 679 450 679 345 680 345 680 345 0 3 0 5
 16776960 5 660 450 660 450 662 450 662 345 661 345 661 345 0 3 0 5
 16776960 5 647 450 647 450 651 450 651 345 642 345 642 345 0 3 0 5
 16776960 5 634 450 634 450 634 345 634 345 623 345 623 345 0 3 0 5
 16711680 5 422 343 422 343 422 343 413 343 413 450 413 450 0 4 0 3
 16711680 5 400 450 400 450 400 343 400 343 403 343 403 343 0 3 0 4
 16711680 5 387 450 387 450 387 343 387 343 384 343 384 343 0 3 0 4
 16711680 5 365 343 365 343 373 343 373 450 374 450 374 450 0 4 0 3
 16711680 5 361 450 361 450 360 450 360 343 346 343 346 343 0 3 0 4
 16711680 5 327 343 327 343 346 343 346 450 348 450 348 450 0 4 0 3
 16711680 5 335 450 335 450 334 450 334 343 308 343 308 343 0 3 0 4
 16711680 5 426 450 426 450 426 343 426 343 441 343 441 343 0 3 0 4
 16776960 5 632 731 632 731 635 731 635 593 634 593 634 593 0 6 0 3
 255 5 841 312 841 312 803 312 803 312 803 398 803 398 0 19 0 3
 16776960 5 517 476 517 476 517 476 686 476 686 476 686 476 0 3 0 3
 4227327 5 491 567 491 567 491 561 1240 561 1240 570 1240 570 0 3 0 18
 8388863 5 946 593 946 593 946 593 1076 593 1076 593 1076 593 0 3 0 3
 8388863 5 1076 541 1076 541 1076 541 1076 502 1076 502 1076 502 0 3 0 3
 8388863 5 872 265 872 265 872 294 1076 294 1076 450 1076 450 0 22 0 3
 65535 5 892 265 892 265 1089 265 1089 265 1089 450 1089 450 0 22 0 3
 65793 5 837 258 837 258 790 258 790 258 790 411 790 411 0 22 0 3
19
 7283 1 16 446 502 5 0 -2007362207 -2 3
 7283 1 16 758 502 5 0 -2007362207 -2 3
 7283 1 16 444 1058 5 0 -986900803 -2 8
 7283 1 16 756 1058 5 0 -986900803 -2 8
 7086 1 14 328 1338 5 0 -986900803 -2 10
 7004 1 14 925 783 5 0 -986900803 -2 6
 7004 1 14 927 502 5 0 -986900803 -2 3
 7086 1 14 640 1338 5 0 -986900803 -2 10
 7283 1 16 952 1338 5 0 -986900803 -2 10
 7283 1 16 1182 1337 5 0 -986900803 -2 9
 7157 1 16 1285 1059 5 0 -986900803 -2 16
 7157 1 16 1532 1059 5 0 -986900803 -2 16
 7004 1 14 1767 1337 5 0 -630268192 -2 9
 7004 1 14 1546 1337 5 0 -630268192 -2 9
 7008 1 14 1766 1059 5 0 -630268192 -2 16
 7032 1 14 1767 784 5 0 -630268192 -2 17
 7008 1 14 1767 505 5 0 -630268192 -2 18
 7047 1 16 1442 784 5 0 -630268192 -2 17
 7047 1 16 1351 505 5 0 -630268192 -2 18
